Tetno: 78.00 uderzen na minute

Sygnaly: R ilosc: 13

171.00
552.00
945.00
1330.00
1730.00
2131.00
2547.00
2941.00
3347.00
3745.00
4139.00
4513.00
4897.00

Sygnaly: S ilosc: 13

156.00
529.00
929.00
1315.00
1715.00
2115.00
2441.00
2532.00
2927.00
3332.00
3729.00
4124.00
4480.00
4883.00

Sygnaly: Q ilosc: 14

183.00
564.00
956.00
1341.00
1741.00
2143.00
2559.00
2953.00
3359.00
3757.00
4150.00
4525.00
4909.00

Sygnaly P i T ilosc: 51

11.00
99.00
171.00
281.00
386.00
475.00
552.00
660.00
744.00
867.00
945.00
1052.00
1132.00
1252.00
1330.00
1444.00
1533.00
1658.00
1730.00
1840.00
1934.00
2060.00
2131.00
2248.00
2340.00
2473.00
2547.00
2661.00
2756.00
2864.00
2941.00
3048.00
3138.00
3273.00
3347.00
3453.00
3556.00
3671.00
3745.00
3852.00
3958.00
4067.00
4139.00
4251.00
4358.00
4442.00
4513.00
4626.00
4715.00
4825.00
4897.00
